{
  "height": 360,
  "width": 263,
  "x": 354.16668701171875,
  "y": 522.6666870117188
}