{
  "height": 360,
  "width": 263,
  "x": 354.8333435058594,
  "y": 522.6666870117188
}